0.000000	30.000000
0.062831	29.999803
0.125660	29.999210
0.188484	29.998224
0.251301	29.996842
0.314108	29.995066
0.376902	29.992895
0.439681	29.990329
0.502443	29.987370
0.565185	29.984016
0.627905	29.980267
0.690600	29.976125
0.753268	29.971589
0.815906	29.966659
0.878512	29.961336
0.941083	29.955620
1.003617	29.949510
1.066112	29.943008
1.128564	29.936113
1.190972	29.928826
1.253332	29.921147
1.315644	29.913076
1.377903	29.904614
1.440108	29.895761
1.502256	29.886517
1.564345	29.876883
1.626372	29.866859
1.688334	29.856446
1.750231	29.845643
1.812058	29.834452
1.873813	29.822873
1.935495	29.810905
1.997100	29.798551
2.058626	29.785809
2.120071	29.772681
2.181432	29.759168
2.242708	29.745269
2.303894	29.730985
2.364990	29.716317
2.425992	29.701266
2.486899	29.685832
2.547707	29.670015
2.608415	29.653816
2.669020	29.637237
2.729519	29.620277
2.789911	29.602937
2.850193	29.585218
2.910362	29.567121
2.970416	29.548645
3.030353	29.529793
3.090170	29.510565
3.149865	29.490961
3.209436	29.470983
3.268880	29.450631
3.328195	29.429905
3.387379	29.408808
3.446429	29.387339
3.505343	29.365499
3.564119	29.343289
3.622754	29.320711
3.681246	29.297765
3.739592	29.274452
3.797791	29.250772
3.855840	29.226727
3.913737	29.202318
3.971479	29.177546
4.029064	29.152412
4.086491	29.126916
4.143756	29.101060
4.200857	29.074844
4.257793	29.048271
4.314560	29.021340
4.371158	28.994053
4.427582	28.966410
4.483832	28.938414
4.539905	28.910065
4.595799	28.881364
4.651511	28.852313
4.707039	28.822912
4.762382	28.793163
4.817537	28.763067
4.872501	28.732625
4.927273	28.701838
4.981851	28.670707
5.036232	28.639234
5.090414	28.607420
5.144395	28.575267
5.198173	28.542774
5.251746	28.509945
5.305112	28.476779
5.358268	28.443279
5.411213	28.409446
5.463943	28.375280
5.516459	28.340784
5.568756	28.305959
5.620834	28.270806
5.672689	28.235326
5.724321	28.199521
5.775727	28.163393
5.826905	28.126942
5.877853	28.090170
5.928568	28.053079
5.979050	28.015670
6.029295	27.977944
6.079303	27.939904
6.129071	27.901550
6.178596	27.862884
6.227878	27.823908
6.276914	27.784623
6.325702	27.745031
6.374240	27.705132
6.422527	27.664930
6.470560	27.624425
6.518337	27.583619
6.565858	27.542514
6.613119	27.501111
6.660119	27.459411
6.706856	27.417418
6.753328	27.375131
6.799534	27.332553
6.845471	27.289686
6.891138	27.246531
6.936533	27.203090
6.981654	27.159365
7.026500	27.115357
7.071068	27.071068
7.115357	27.026500
7.159365	26.981654
7.203090	26.936533
7.246531	26.891138
7.289686	26.845471
7.332553	26.799534
7.375131	26.753328
7.417418	26.706856
7.459411	26.660119
7.501111	26.613119
7.542514	26.565858
7.583619	26.518337
7.624425	26.470560
7.664930	26.422527
7.705132	26.374240
7.745031	26.325702
7.784623	26.276914
7.823908	26.227878
7.862884	26.178596
7.901550	26.129071
7.939904	26.079303
7.977944	26.029295
8.015670	25.979050
8.053079	25.928568
8.090170	25.877853
8.126942	25.826905
8.163393	25.775727
8.199521	25.724321
8.235326	25.672689
8.270806	25.620834
8.305959	25.568756
8.340784	25.516459
8.375280	25.463943
8.409446	25.411213
8.443279	25.358268
8.476779	25.305112
8.509945	25.251746
8.542774	25.198173
8.575267	25.144395
8.607420	25.090414
8.639234	25.036232
8.670707	24.981851
8.701838	24.927273
8.732625	24.872501
8.763067	24.817537
8.793163	24.762382
8.822912	24.707039
8.852313	24.651511
8.881364	24.595799
8.910065	24.539905
8.938414	24.483832
8.966410	24.427582
8.994053	24.371158
9.021340	24.314560
9.048271	24.257793
9.074844	24.200857
9.101060	24.143756
9.126916	24.086491
9.152412	24.029064
9.177546	23.971479
9.202318	23.913737
9.226727	23.855840
9.250772	23.797791
9.274452	23.739592
9.297765	23.681246
9.320711	23.622754
9.343289	23.564119
9.365499	23.505343
9.387339	23.446429
9.408808	23.387379
9.429905	23.328195
9.450631	23.268880
9.470983	23.209436
9.490961	23.149865
9.510565	23.090170
9.529793	23.030353
9.548645	22.970416
9.567121	22.910362
9.585218	22.850193
9.602937	22.789911
9.620277	22.729519
9.637237	22.669020
9.653816	22.608415
9.670015	22.547707
9.685832	22.486899
9.701266	22.425992
9.716317	22.364990
9.730985	22.303894
9.745269	22.242708
9.759168	22.181432
9.772681	22.120071
9.785809	22.058626
9.798551	21.997100
9.810905	21.935495
9.822873	21.873813
9.834452	21.812058
9.845643	21.750231
9.856446	21.688334
9.866859	21.626372
9.876883	21.564345
9.886517	21.502256
9.895761	21.440108
9.904614	21.377903
9.913076	21.315644
9.921147	21.253332
9.928826	21.190972
9.936113	21.128564
9.943008	21.066112
9.949510	21.003617
9.955620	20.941083
9.961336	20.878512
9.966659	20.815906
9.971589	20.753268
9.976125	20.690600
9.980267	20.627905
9.984016	20.565185
9.987370	20.502443
9.990329	20.439681
9.992895	20.376902
9.995066	20.314108
9.996842	20.251301
9.998224	20.188484
9.999210	20.125660
9.999803	20.062831
10.000000	20.000000
9.999803	19.937169
9.999210	19.874340
9.998224	19.811516
9.996842	19.748699
9.995066	19.685892
9.992895	19.623098
9.990329	19.560319
9.987370	19.497557
9.984016	19.434815
9.980267	19.372095
9.976125	19.309400
9.971589	19.246732
9.966659	19.184094
9.961336	19.121488
9.955620	19.058917
9.949510	18.996383
9.943008	18.933888
9.936113	18.871436
9.928826	18.809028
9.921147	18.746668
9.913076	18.684356
9.904614	18.622097
9.895761	18.559892
9.886517	18.497744
9.876883	18.435655
9.866859	18.373628
9.856446	18.311666
9.845643	18.249769
9.834452	18.187942
9.822873	18.126187
9.810905	18.064505
9.798551	18.002900
9.785809	17.941374
9.772681	17.879929
9.759168	17.818568
9.745269	17.757292
9.730985	17.696106
9.716317	17.635010
9.701266	17.574008
9.685832	17.513101
9.670015	17.452293
9.653816	17.391585
9.637237	17.330980
9.620277	17.270481
9.602937	17.210089
9.585218	17.149807
9.567121	17.089638
9.548645	17.029584
9.529793	16.969647
9.510565	16.909830
9.490961	16.850135
9.470983	16.790564
9.450631	16.731120
9.429905	16.671805
9.408808	16.612621
9.387339	16.553571
9.365499	16.494657
9.343289	16.435881
9.320711	16.377246
9.297765	16.318754
9.274452	16.260408
9.250772	16.202209
9.226727	16.144160
9.202318	16.086263
9.177546	16.028521
9.152412	15.970936
9.126916	15.913509
9.101060	15.856244
9.074844	15.799143
9.048271	15.742207
9.021340	15.685440
8.994053	15.628842
8.966410	15.572418
8.938414	15.516168
8.910065	15.460095
8.881364	15.404201
8.852313	15.348489
8.822912	15.292961
8.793163	15.237618
8.763067	15.182463
8.732625	15.127499
8.701838	15.072727
8.670707	15.018149
8.639234	14.963768
8.607420	14.909586
8.575267	14.855605
8.542774	14.801827
8.509945	14.748254
8.476779	14.694888
8.443279	14.641732
8.409446	14.588787
8.375280	14.536057
8.340784	14.483541
8.305959	14.431244
8.270806	14.379166
8.235326	14.327311
8.199521	14.275679
8.163393	14.224273
8.126942	14.173095
8.090170	14.122147
8.053079	14.071432
8.015670	14.020950
7.977944	13.970705
7.939904	13.920697
7.901550	13.870929
7.862884	13.821404
7.823908	13.772122
7.784623	13.723086
7.745031	13.674298
7.705132	13.625760
7.664930	13.577473
7.624425	13.529440
7.583619	13.481663
7.542514	13.434142
7.501111	13.386881
7.459411	13.339881
7.417418	13.293144
7.375131	13.246672
7.332553	13.200466
7.289686	13.154529
7.246531	13.108862
7.203090	13.063467
7.159365	13.018346
7.115357	12.973500
7.071068	12.928932
7.026500	12.884643
6.981654	12.840635
6.936533	12.796910
6.891138	12.753469
6.845471	12.710314
6.799534	12.667447
6.753328	12.624869
6.706856	12.582582
6.660119	12.540589
6.613119	12.498889
6.565858	12.457486
6.518337	12.416381
6.470560	12.375575
6.422527	12.335070
6.374240	12.294868
6.325702	12.254969
6.276914	12.215377
6.227878	12.176092
6.178596	12.137116
6.129071	12.098450
6.079303	12.060096
6.029295	12.022056
5.979050	11.984330
5.928568	11.946921
5.877853	11.909830
5.826905	11.873058
5.775727	11.836607
5.724321	11.800479
5.672689	11.764674
5.620834	11.729194
5.568756	11.694041
5.516459	11.659216
5.463943	11.624720
5.411213	11.590554
5.358268	11.556721
5.305112	11.523221
5.251746	11.490055
5.198173	11.457226
5.144395	11.424733
5.090414	11.392580
5.036232	11.360766
4.981851	11.329293
4.927273	11.298162
4.872501	11.267375
4.817537	11.236933
4.762382	11.206837
4.707039	11.177088
4.651511	11.147687
4.595799	11.118636
4.539905	11.089935
4.483832	11.061586
4.427582	11.033590
4.371158	11.005947
4.314560	10.978660
4.257793	10.951729
4.200857	10.925156
4.143756	10.898940
4.086491	10.873084
4.029064	10.847588
3.971479	10.822454
3.913737	10.797682
3.855840	10.773273
3.797791	10.749228
3.739592	10.725548
3.681246	10.702235
3.622754	10.679289
3.564119	10.656711
3.505343	10.634501
3.446429	10.612661
3.387379	10.591192
3.328195	10.570095
3.268880	10.549369
3.209436	10.529017
3.149865	10.509039
3.090170	10.489435
3.030353	10.470207
2.970416	10.451355
2.910362	10.432879
2.850193	10.414782
2.789911	10.397063
2.729519	10.379723
2.669020	10.362763
2.608415	10.346184
2.547707	10.329985
2.486899	10.314168
2.425992	10.298734
2.364990	10.283683
2.303894	10.269015
2.242708	10.254731
2.181432	10.240832
2.120071	10.227319
2.058626	10.214191
1.997100	10.201449
1.935495	10.189095
1.873813	10.177127
1.812058	10.165548
1.750231	10.154357
1.688334	10.143554
1.626372	10.133141
1.564345	10.123117
1.502256	10.113483
1.440108	10.104239
1.377903	10.095386
1.315644	10.086924
1.253332	10.078853
1.190972	10.071174
1.128564	10.063887
1.066112	10.056992
1.003617	10.050490
0.941083	10.044380
0.878512	10.038664
0.815906	10.033341
0.753268	10.028411
0.690600	10.023875
0.627905	10.019733
0.565185	10.015984
0.502443	10.012630
0.439681	10.009671
0.376902	10.007105
0.314108	10.004934
0.251301	10.003158
0.188484	10.001776
0.125660	10.000790
0.062831	10.000197
0.000000	10.000000
-0.062831	10.000197
-0.125660	10.000790
-0.188484	10.001776
-0.251301	10.003158
-0.314108	10.004934
-0.376902	10.007105
-0.439681	10.009671
-0.502443	10.012630
-0.565185	10.015984
-0.627905	10.019733
-0.690600	10.023875
-0.753268	10.028411
-0.815906	10.033341
-0.878512	10.038664
-0.941083	10.044380
-1.003617	10.050490
-1.066112	10.056992
-1.128564	10.063887
-1.190972	10.071174
-1.253332	10.078853
-1.315644	10.086924
-1.377903	10.095386
-1.440108	10.104239
-1.502256	10.113483
-1.564345	10.123117
-1.626372	10.133141
-1.688334	10.143554
-1.750231	10.154357
-1.812058	10.165548
-1.873813	10.177127
-1.935495	10.189095
-1.997100	10.201449
-2.058626	10.214191
-2.120071	10.227319
-2.181432	10.240832
-2.242708	10.254731
-2.303894	10.269015
-2.364990	10.283683
-2.425992	10.298734
-2.486899	10.314168
-2.547707	10.329985
-2.608415	10.346184
-2.669020	10.362763
-2.729519	10.379723
-2.789911	10.397063
-2.850193	10.414782
-2.910362	10.432879
-2.970416	10.451355
-3.030353	10.470207
-3.090170	10.489435
-3.149865	10.509039
-3.209436	10.529017
-3.268880	10.549369
-3.328195	10.570095
-3.387379	10.591192
-3.446429	10.612661
-3.505343	10.634501
-3.564119	10.656711
-3.622754	10.679289
-3.681246	10.702235
-3.739592	10.725548
-3.797791	10.749228
-3.855840	10.773273
-3.913737	10.797682
-3.971479	10.822454
-4.029064	10.847588
-4.086491	10.873084
-4.143756	10.898940
-4.200857	10.925156
-4.257793	10.951729
-4.314560	10.978660
-4.371158	11.005947
-4.427582	11.033590
-4.483832	11.061586
-4.539905	11.089935
-4.595799	11.118636
-4.651511	11.147687
-4.707039	11.177088
-4.762382	11.206837
-4.817537	11.236933
-4.872501	11.267375
-4.927273	11.298162
-4.981851	11.329293
-5.036232	11.360766
-5.090414	11.392580
-5.144395	11.424733
-5.198173	11.457226
-5.251746	11.490055
-5.305112	11.523221
-5.358268	11.556721
-5.411213	11.590554
-5.463943	11.624720
-5.516459	11.659216
-5.568756	11.694041
-5.620834	11.729194
-5.672689	11.764674
-5.724321	11.800479
-5.775727	11.836607
-5.826905	11.873058
-5.877853	11.909830
-5.928568	11.946921
-5.979050	11.984330
-6.029295	12.022056
-6.079303	12.060096
-6.129071	12.098450
-6.178596	12.137116
-6.227878	12.176092
-6.276914	12.215377
-6.325702	12.254969
-6.374240	12.294868
-6.422527	12.335070
-6.470560	12.375575
-6.518337	12.416381
-6.565858	12.457486
-6.613119	12.498889
-6.660119	12.540589
-6.706856	12.582582
-6.753328	12.624869
-6.799534	12.667447
-6.845471	12.710314
-6.891138	12.753469
-6.936533	12.796910
-6.981654	12.840635
-7.026500	12.884643
-7.071068	12.928932
-7.115357	12.973500
-7.159365	13.018346
-7.203090	13.063467
-7.246531	13.108862
-7.289686	13.154529
-7.332553	13.200466
-7.375131	13.246672
-7.417418	13.293144
-7.459411	13.339881
-7.501111	13.386881
-7.542514	13.434142
-7.583619	13.481663
-7.624425	13.529440
-7.664930	13.577473
-7.705132	13.625760
-7.745031	13.674298
-7.784623	13.723086
-7.823908	13.772122
-7.862884	13.821404
-7.901550	13.870929
-7.939904	13.920697
-7.977944	13.970705
-8.015670	14.020950
-8.053079	14.071432
-8.090170	14.122147
-8.126942	14.173095
-8.163393	14.224273
-8.199521	14.275679
-8.235326	14.327311
-8.270806	14.379166
-8.305959	14.431244
-8.340784	14.483541
-8.375280	14.536057
-8.409446	14.588787
-8.443279	14.641732
-8.476779	14.694888
-8.509945	14.748254
-8.542774	14.801827
-8.575267	14.855605
-8.607420	14.909586
-8.639234	14.963768
-8.670707	15.018149
-8.701838	15.072727
-8.732625	15.127499
-8.763067	15.182463
-8.793163	15.237618
-8.822912	15.292961
-8.852313	15.348489
-8.881364	15.404201
-8.910065	15.460095
-8.938414	15.516168
-8.966410	15.572418
-8.994053	15.628842
-9.021340	15.685440
-9.048271	15.742207
-9.074844	15.799143
-9.101060	15.856244
-9.126916	15.913509
-9.152412	15.970936
-9.177546	16.028521
-9.202318	16.086263
-9.226727	16.144160
-9.250772	16.202209
-9.274452	16.260408
-9.297765	16.318754
-9.320711	16.377246
-9.343289	16.435881
-9.365499	16.494657
-9.387339	16.553571
-9.408808	16.612621
-9.429905	16.671805
-9.450631	16.731120
-9.470983	16.790564
-9.490961	16.850135
-9.510565	16.909830
-9.529793	16.969647
-9.548645	17.029584
-9.567121	17.089638
-9.585218	17.149807
-9.602937	17.210089
-9.620277	17.270481
-9.637237	17.330980
-9.653816	17.391585
-9.670015	17.452293
-9.685832	17.513101
-9.701266	17.574008
-9.716317	17.635010
-9.730985	17.696106
-9.745269	17.757292
-9.759168	17.818568
-9.772681	17.879929
-9.785809	17.941374
-9.798551	18.002900
-9.810905	18.064505
-9.822873	18.126187
-9.834452	18.187942
-9.845643	18.249769
-9.856446	18.311666
-9.866859	18.373628
-9.876883	18.435655
-9.886517	18.497744
-9.895761	18.559892
-9.904614	18.622097
-9.913076	18.684356
-9.921147	18.746668
-9.928826	18.809028
-9.936113	18.871436
-9.943008	18.933888
-9.949510	18.996383
-9.955620	19.058917
-9.961336	19.121488
-9.966659	19.184094
-9.971589	19.246732
-9.976125	19.309400
-9.980267	19.372095
-9.984016	19.434815
-9.987370	19.497557
-9.990329	19.560319
-9.992895	19.623098
-9.995066	19.685892
-9.996842	19.748699
-9.998224	19.811516
-9.999210	19.874340
-9.999803	19.937169
-10.000000	20.000000
-9.999803	20.062831
-9.999210	20.125660
-9.998224	20.188484
-9.996842	20.251301
-9.995066	20.314108
-9.992895	20.376902
-9.990329	20.439681
-9.987370	20.502443
-9.984016	20.565185
-9.980267	20.627905
-9.976125	20.690600
-9.971589	20.753268
-9.966659	20.815906
-9.961336	20.878512
-9.955620	20.941083
-9.949510	21.003617
-9.943008	21.066112
-9.936113	21.128564
-9.928826	21.190972
-9.921147	21.253332
-9.913076	21.315644
-9.904614	21.377903
-9.895761	21.440108
-9.886517	21.502256
-9.876883	21.564345
-9.866859	21.626372
-9.856446	21.688334
-9.845643	21.750231
-9.834452	21.812058
-9.822873	21.873813
-9.810905	21.935495
-9.798551	21.997100
-9.785809	22.058626
-9.772681	22.120071
-9.759168	22.181432
-9.745269	22.242708
-9.730985	22.303894
-9.716317	22.364990
-9.701266	22.425992
-9.685832	22.486899
-9.670015	22.547707
-9.653816	22.608415
-9.637237	22.669020
-9.620277	22.729519
-9.602937	22.789911
-9.585218	22.850193
-9.567121	22.910362
-9.548645	22.970416
-9.529793	23.030353
-9.510565	23.090170
-9.490961	23.149865
-9.470983	23.209436
-9.450631	23.268880
-9.429905	23.328195
-9.408808	23.387379
-9.387339	23.446429
-9.365499	23.505343
-9.343289	23.564119
-9.320711	23.622754
-9.297765	23.681246
-9.274452	23.739592
-9.250772	23.797791
-9.226727	23.855840
-9.202318	23.913737
-9.177546	23.971479
-9.152412	24.029064
-9.126916	24.086491
-9.101060	24.143756
-9.074844	24.200857
-9.048271	24.257793
-9.021340	24.314560
-8.994053	24.371158
-8.966410	24.427582
-8.938414	24.483832
-8.910065	24.539905
-8.881364	24.595799
-8.852313	24.651511
-8.822912	24.707039
-8.793163	24.762382
-8.763067	24.817537
-8.732625	24.872501
-8.701838	24.927273
-8.670707	24.981851
-8.639234	25.036232
-8.607420	25.090414
-8.575267	25.144395
-8.542774	25.198173
-8.509945	25.251746
-8.476779	25.305112
-8.443279	25.358268
-8.409446	25.411213
-8.375280	25.463943
-8.340784	25.516459
-8.305959	25.568756
-8.270806	25.620834
-8.235326	25.672689
-8.199521	25.724321
-8.163393	25.775727
-8.126942	25.826905
-8.090170	25.877853
-8.053079	25.928568
-8.015670	25.979050
-7.977944	26.029295
-7.939904	26.079303
-7.901550	26.129071
-7.862884	26.178596
-7.823908	26.227878
-7.784623	26.276914
-7.745031	26.325702
-7.705132	26.374240
-7.664930	26.422527
-7.624425	26.470560
-7.583619	26.518337
-7.542514	26.565858
-7.501111	26.613119
-7.459411	26.660119
-7.417418	26.706856
-7.375131	26.753328
-7.332553	26.799534
-7.289686	26.845471
-7.246531	26.891138
-7.203090	26.936533
-7.159365	26.981654
-7.115357	27.026500
-7.071068	27.071068
-7.026500	27.115357
-6.981654	27.159365
-6.936533	27.203090
-6.891138	27.246531
-6.845471	27.289686
-6.799534	27.332553
-6.753328	27.375131
-6.706856	27.417418
-6.660119	27.459411
-6.613119	27.501111
-6.565858	27.542514
-6.518337	27.583619
-6.470560	27.624425
-6.422527	27.664930
-6.374240	27.705132
-6.325702	27.745031
-6.276914	27.784623
-6.227878	27.823908
-6.178596	27.862884
-6.129071	27.901550
-6.079303	27.939904
-6.029295	27.977944
-5.979050	28.015670
-5.928568	28.053079
-5.877853	28.090170
-5.826905	28.126942
-5.775727	28.163393
-5.724321	28.199521
-5.672689	28.235326
-5.620834	28.270806
-5.568756	28.305959
-5.516459	28.340784
-5.463943	28.375280
-5.411213	28.409446
-5.358268	28.443279
-5.305112	28.476779
-5.251746	28.509945
-5.198173	28.542774
-5.144395	28.575267
-5.090414	28.607420
-5.036232	28.639234
-4.981851	28.670707
-4.927273	28.701838
-4.872501	28.732625
-4.817537	28.763067
-4.762382	28.793163
-4.707039	28.822912
-4.651511	28.852313
-4.595799	28.881364
-4.539905	28.910065
-4.483832	28.938414
-4.427582	28.966410
-4.371158	28.994053
-4.314560	29.021340
-4.257793	29.048271
-4.200857	29.074844
-4.143756	29.101060
-4.086491	29.126916
-4.029064	29.152412
-3.971479	29.177546
-3.913737	29.202318
-3.855840	29.226727
-3.797791	29.250772
-3.739592	29.274452
-3.681246	29.297765
-3.622754	29.320711
-3.564119	29.343289
-3.505343	29.365499
-3.446429	29.387339
-3.387379	29.408808
-3.328195	29.429905
-3.268880	29.450631
-3.209436	29.470983
-3.149865	29.490961
-3.090170	29.510565
-3.030353	29.529793
-2.970416	29.548645
-2.910362	29.567121
-2.850193	29.585218
-2.789911	29.602937
-2.729519	29.620277
-2.669020	29.637237
-2.608415	29.653816
-2.547707	29.670015
-2.486899	29.685832
-2.425992	29.701266
-2.364990	29.716317
-2.303894	29.730985
-2.242708	29.745269
-2.181432	29.759168
-2.120071	29.772681
-2.058626	29.785809
-1.997100	29.798551
-1.935495	29.810905
-1.873813	29.822873
-1.812058	29.834452
-1.750231	29.845643
-1.688334	29.856446
-1.626372	29.866859
-1.564345	29.876883
-1.502256	29.886517
-1.440108	29.895761
-1.377903	29.904614
-1.315644	29.913076
-1.253332	29.921147
-1.190972	29.928826
-1.128564	29.936113
-1.066112	29.943008
-1.003617	29.949510
-0.941083	29.955620
-0.878512	29.961336
-0.815906	29.966659
-0.753268	29.971589
-0.690600	29.976125
-0.627905	29.980267
-0.565185	29.984016
-0.502443	29.987370
-0.439681	29.990329
-0.376902	29.992895
-0.314108	29.995066
-0.251301	29.996842
-0.188484	29.998224
-0.125660	29.999210
-0.062831	29.999803
