0.000000	1.570796	1.516572	1.640270	1.555149	-0.198152	-0.310502	-0.000000	-0.252359	0.128679	0.269750	0.000000	0.208068
0.010000	1.535927	1.448246	1.639358	1.544313	-0.198327	-0.248077	-0.263319	-0.645188	0.134342	0.262564	0.261053	0.512632
0.020000	1.501279	1.407871	1.636632	1.548083	-0.198850	-0.214087	-0.483462	-0.877067	0.149990	0.269686	0.478830	0.690044
0.030000	1.467069	1.376820	1.632109	1.553204	-0.199720	-0.200739	-0.646401	-0.994496	0.172763	0.286339	0.639205	0.794417
0.040000	1.433504	1.349948	1.625825	1.554598	-0.200934	-0.197759	-0.759914	-1.045445	0.200009	0.305628	0.749864	0.863096
0.050000	1.400778	1.323727	1.617822	1.551276	-0.202487	-0.199487	-0.836928	-1.062071	0.229872	0.326649	0.823654	0.918720
0.060000	1.369065	1.297257	1.608156	1.544111	-0.204373	-0.201822	-0.888272	-1.066471	0.261169	0.349380	0.871330	0.965800
0.070000	1.338522	1.271405	1.596892	1.534305	-0.206585	-0.202962	-0.921628	-1.068761	0.293153	0.373616	0.900515	0.999080
0.080000	1.309285	1.246963	1.584100	1.522612	-0.209116	-0.203014	-0.942208	-1.069818	0.325347	0.398938	0.916377	1.017015
0.090000	1.281468	1.224030	1.569859	1.509348	-0.211954	-0.202661	-0.953539	-1.068048	0.357433	0.424976	0.922410	1.022316
0.100000	1.255166	1.202421	1.554249	1.494626	-0.215091	-0.202406	-0.958042	-1.062611	0.389203	0.451476	0.921018	1.018329
0.110000	1.230452	1.182007	1.537356	1.478536	-0.218513	-0.202429	-0.957405	-1.053668	0.420517	0.478237	0.913888	1.007678
0.120000	1.207384	1.162765	1.519266	1.461200	-0.222209	-0.202691	-0.952835	-1.041891	0.451284	0.505068	0.902235	0.992296
0.130000	1.186002	1.144722	1.500064	1.442760	-0.226164	-0.203064	-0.945204	-1.028011	0.481451	0.531777	0.886955	0.973687
0.140000	1.166334	1.127916	1.479838	1.423345	-0.230363	-0.203421	-0.935156	-1.012570	0.510986	0.558178	0.868726	0.953053
0.150000	1.148397	1.112392	1.458673	1.403062	-0.234791	-0.203687	-0.923168	-0.995849	0.539881	0.584108	0.848071	0.931321
0.160000	1.132197	1.098209	1.436652	1.381999	-0.239432	-0.203841	-0.909602	-0.977918	0.568139	0.609433	0.825406	0.909150
0.170000	1.117734	1.085443	1.413858	1.360237	-0.244266	-0.203907	-0.894732	-0.958727	0.595775	0.634054	0.801068	0.886952
0.180000	1.105006	1.074187	1.390371	1.337864	-0.249277	-0.203938	-0.878766	-0.938187	0.622812	0.657906	0.775335	0.864936
0.190000	1.094002	1.064546	1.366269	1.314987	-0.254445	-0.204001	-0.861862	-0.916216	0.649276	0.680955	0.748445	0.843146
0.200000	1.084715	1.056634	1.341629	1.291727	-0.259750	-0.204166	-0.844141	-0.892777	0.675199	0.703194	0.720601	0.821493
0.210000	1.077134	1.050569	1.316526	1.268227	-0.265172	-0.204501	-0.825691	-0.867879	0.700611	0.724635	0.691983	0.799783
0.220000	1.071249	1.046475	1.291035	1.244643	-0.270691	-0.205066	-0.806580	-0.841580	0.725545	0.745307	0.662751	0.777735
0.230000	1.067052	1.044482	1.265228	1.221141	-0.276285	-0.205914	-0.786853	-0.813981	0.750032	0.765243	0.633052	0.755007
0.240000	1.064536	1.044719	1.239179	1.197895	-0.281933	-0.207087	-0.766542	-0.785225	0.774098	0.784476	0.603021	0.731222
0.250000	1.063698	1.047314	1.212962	1.175077	-0.287612	-0.208611	-0.745665	-0.755496	0.797771	0.803027	0.572786	0.706008
0.260000	1.064536	1.052376	1.186650	1.152853	-0.293301	-0.210496	-0.724229	-0.725037	0.821070	0.820898	0.542465	0.679031
0.270000	1.067052	1.059977	1.160318	1.131382	-0.298977	-0.212725	-0.702232	-0.694172	0.844012	0.838065	0.512173	0.650035
0.280000	1.071249	1.070127	1.134043	1.110804	-0.304618	-0.215253	-0.679665	-0.663325	0.866609	0.854474	0.482020	0.618856
0.290000	1.077134	1.082747	1.107905	1.091246	-0.310202	-0.218006	-0.656511	-0.633022	0.888863	0.870037	0.452111	0.585430
0.300000	1.084715	1.097665	1.081984	1.072815	-0.315706	-0.220880	-0.632749	-0.603846	0.910773	0.884642	0.422549	0.549782
0.310000	1.094002	1.114622	1.056365	1.055595	-0.321108	-0.223763	-0.608353	-0.576335	0.932327	0.898163	0.393432	0.512050
0.320000	1.105006	1.133319	1.031137	1.039638	-0.326387	-0.226549	-0.583292	-0.550834	0.953507	0.910481	0.364857	0.472539
0.330000	1.117734	1.153473	1.006391	1.024954	-0.331522	-0.229164	-0.557534	-0.527355	0.974284	0.921511	0.336914	0.431838
0.340000	1.132197	1.174883	0.982222	1.011504	-0.336490	-0.231584	-0.531046	-0.505533	0.994619	0.931222	0.309691	0.390916
0.350000	1.148397	1.197444	0.958729	0.999209	-0.341272	-0.233829	-0.503793	-0.484736	1.014462	0.939655	0.283268	0.351084
0.360000	1.166334	1.221126	0.936016	0.987967	-0.345849	-0.235946	-0.475743	-0.464290	1.033752	0.946932	0.257720	0.313737
0.370000	1.186002	1.245905	0.914189	0.977683	-0.350200	-0.237987	-0.446866	-0.443696	1.052418	0.953237	0.233112	0.279970
0.380000	1.207384	1.271706	0.893357	0.968290	-0.354308	-0.239987	-0.417137	-0.422707	1.070376	0.958790	0.209498	0.250329
0.390000	1.230452	1.298393	0.873632	0.959743	-0.358156	-0.241968	-0.386537	-0.401255	1.087531	0.963804	0.186920	0.224795
0.400000	1.255166	1.325787	0.855126	0.952019	-0.361727	-0.243941	-0.355057	-0.379337	1.103778	0.968463	0.165405	0.202947
0.410000	1.281468	1.353709	0.837953	0.945099	-0.365007	-0.245917	-0.322699	-0.356919	1.119004	0.972912	0.144962	0.184155
0.420000	1.309285	1.382012	0.822224	0.938960	-0.367980	-0.247906	-0.289478	-0.333907	1.133088	0.977251	0.125581	0.167728
0.430000	1.338522	1.410607	0.808046	0.933564	-0.370635	-0.249923	-0.255425	-0.310168	1.145907	0.981551	0.107230	0.152993
0.440000	1.369065	1.439460	0.795521	0.928870	-0.372959	-0.251982	-0.220588	-0.285562	1.157334	0.985849	0.089852	0.139345
0.450000	1.400778	1.468583	0.784745	0.924852	-0.374944	-0.254099	-0.185033	-0.259978	1.167250	0.990139	0.073368	0.126262
0.460000	1.433504	1.497997	0.775803	0.921550	-0.376579	-0.256291	-0.148844	-0.233359	1.175539	0.994334	0.057675	0.113324
0.470000	1.467069	1.527685	0.768767	0.919147	-0.377859	-0.258574	-0.112122	-0.205722	1.182102	0.998221	0.042645	0.100226
0.480000	1.501279	1.557514	0.763698	0.918063	-0.378777	-0.260980	-0.074986	-0.177178	1.186854	1.001389	0.028133	0.086812
0.490000	1.535927	1.587151	0.760638	0.919055	-0.379329	-0.263566	-0.037565	-0.147952	1.189731	1.003191	0.013977	0.073100
0.500000	1.570796	1.615988	0.759615	0.923205	-0.379514	-0.266446	-0.000000	-0.118368	1.190695	1.002791	0.000000	0.059232
0.510000	1.605666	1.643294	0.760638	0.931608	-0.379329	-0.269749	0.037565	-0.088837	1.189731	0.999399	-0.013977	0.045197
0.520000	1.640314	1.669117	0.763698	0.944662	-0.378777	-0.273376	0.074986	-0.060056	1.186854	0.992527	-0.028133	0.030246
0.530000	1.674523	1.695721	0.768767	0.960770	-0.377859	-0.276634	0.112122	-0.032810	1.182102	0.982639	-0.042645	0.012290
0.540000	1.708088	1.725786	0.775803	0.975065	-0.376579	-0.278703	0.148844	-0.005500	1.175539	0.973059	-0.057675	-0.009863
0.550000	1.740815	1.756930	0.784745	0.984029	-0.374944	-0.279459	0.185033	0.025941	1.167250	0.967473	-0.073368	-0.033394
0.560000	1.772528	1.786675	0.795521	0.989897	-0.372959	-0.278790	0.220588	0.061864	1.157334	0.964267	-0.089852	-0.056627
0.570000	1.803071	1.814979	0.808046	0.997349	-0.370635	-0.277217	0.255425	0.099026	1.145907	0.959223	-0.107230	-0.079438
0.580000	1.832308	1.840745	0.822224	1.008028	-0.367980	-0.276080	0.289478	0.135237	1.133088	0.951492	-0.125581	-0.101820
0.590000	1.860125	1.863745	0.837953	1.020894	-0.365007	-0.276003	0.322699	0.169986	1.119004	0.942275	-0.144962	-0.123995
0.600000	1.886427	1.884404	0.855126	1.034974	-0.361727	-0.276885	0.355057	0.203281	1.103778	0.932303	-0.165405	-0.146100
0.610000	1.911141	1.903110	0.873632	1.049905	-0.358156	-0.278472	0.386537	0.235099	1.087531	0.921718	-0.186920	-0.168126
0.620000	1.934209	1.920089	0.893357	1.065605	-0.354308	-0.280589	0.417137	0.265347	1.070376	0.910493	-0.209498	-0.189982
0.630000	1.955591	1.935478	0.914189	1.082050	-0.350200	-0.283142	0.446866	0.293920	1.052418	0.898621	-0.233112	-0.211544
0.640000	1.975258	1.949384	0.936016	1.099202	-0.345849	-0.286076	0.475743	0.320751	1.033752	0.886145	-0.257720	-0.232677
0.650000	1.993196	1.961915	0.958729	1.117002	-0.341272	-0.289334	0.503793	0.345833	1.014462	0.873135	-0.283268	-0.253244
0.660000	2.009396	1.973186	0.982222	1.135384	-0.336490	-0.292840	0.531046	0.369224	0.994619	0.859669	-0.309691	-0.273112
0.670000	2.023858	1.983316	1.006391	1.154290	-0.331522	-0.296489	0.557534	0.391044	0.974284	0.845804	-0.336914	-0.292169
0.680000	2.036587	1.992417	1.031137	1.173675	-0.326387	-0.300150	0.583292	0.411470	0.953507	0.831574	-0.364857	-0.310334
0.690000	2.047590	2.000590	1.056365	1.193514	-0.321108	-0.303671	0.608353	0.430718	0.932327	0.816977	-0.393432	-0.327581
0.700000	2.056877	2.007924	1.081984	1.213797	-0.315706	-0.306888	0.632749	0.449040	0.910773	0.801981	-0.422549	-0.343951
0.710000	2.064459	2.014498	1.107905	1.234525	-0.310202	-0.309625	0.656511	0.466710	0.888863	0.786525	-0.452111	-0.359573
0.720000	2.070344	2.020380	1.134043	1.255701	-0.304618	-0.311707	0.679665	0.484022	0.866609	0.770534	-0.482020	-0.374671
0.730000	2.074541	2.025628	1.160318	1.277328	-0.298977	-0.312960	0.702232	0.501286	0.844012	0.753922	-0.512173	-0.389572
0.740000	2.077057	2.030279	1.186650	1.299400	-0.293301	-0.313221	0.724229	0.518826	0.821070	0.736602	-0.542465	-0.404700
0.750000	2.077895	2.034341	1.212962	1.321898	-0.287612	-0.312343	0.745665	0.536978	0.797771	0.718496	-0.572786	-0.420557
0.760000	2.077057	2.037788	1.239179	1.344785	-0.281933	-0.310205	0.766542	0.556079	0.774098	0.699538	-0.603021	-0.437696
0.770000	2.074541	2.040551	1.265228	1.368006	-0.276285	-0.306720	0.786853	0.576459	0.750032	0.679681	-0.633052	-0.456679
0.780000	2.070344	2.042521	1.291035	1.391483	-0.270691	-0.301844	0.806580	0.598422	0.725545	0.658902	-0.662751	-0.478030
0.790000	2.064459	2.043550	1.316526	1.415113	-0.265172	-0.295586	0.825691	0.622223	0.700611	0.637208	-0.691983	-0.502192
0.800000	2.056877	2.043471	1.341629	1.438771	-0.259750	-0.288008	0.844141	0.648041	0.675199	0.614638	-0.720601	-0.529492
0.810000	2.047590	2.042108	1.366269	1.462310	-0.254445	-0.279234	0.861862	0.675957	0.649276	0.591269	-0.748445	-0.560115
0.820000	2.036587	2.039297	1.390371	1.485565	-0.249277	-0.269441	0.878766	0.705939	0.622812	0.567211	-0.775335	-0.594081
0.830000	2.023858	2.034907	1.413858	1.508361	-0.244266	-0.258854	0.894732	0.737836	0.595775	0.542611	-0.801068	-0.631240
0.840000	2.009396	2.028851	1.436652	1.530521	-0.239432	-0.247732	0.909602	0.771392	0.568139	0.517641	-0.825406	-0.671275
0.850000	1.993196	2.021101	1.458673	1.551872	-0.234791	-0.236347	0.923168	0.806273	0.539881	0.492484	-0.848071	-0.713709
0.860000	1.975258	2.011679	1.479838	1.572255	-0.230363	-0.224963	0.935156	0.842095	0.510986	0.467324	-0.868726	-0.757937
0.870000	1.955591	2.000651	1.500064	1.591525	-0.226164	-0.213810	0.945204	0.878465	0.481451	0.442318	-0.886955	-0.803272
0.880000	1.934209	1.988106	1.519266	1.609562	-0.222209	-0.203064	0.952835	0.915018	0.451284	0.417573	-0.902235	-0.849020
0.890000	1.911141	1.974126	1.537356	1.626264	-0.218513	-0.192817	0.957405	0.951473	0.420517	0.393128	-0.913888	-0.894583
0.900000	1.886427	1.958754	1.554249	1.641559	-0.215091	-0.183054	0.958042	0.987734	0.389203	0.368929	-0.921018	-0.939621
0.910000	1.860125	1.941965	1.569859	1.655398	-0.211954	-0.173616	0.953539	1.024077	0.357433	0.344807	-0.922410	-0.984293
0.920000	1.832308	1.923615	1.584100	1.667775	-0.209116	-0.164162	0.942208	1.061473	0.325347	0.320467	-0.916377	-1.029578
0.930000	1.803071	1.903371	1.596892	1.678729	-0.206585	-0.154177	0.921628	1.101908	0.293153	0.295482	-0.900515	-1.077406
0.940000	1.772528	1.880586	1.608156	1.688320	-0.204373	-0.143240	0.888272	1.147779	0.261169	0.269313	-0.871330	-1.129291
0.950000	1.740815	1.854219	1.617822	1.696444	-0.202487	-0.132085	0.836928	1.196984	0.229872	0.241356	-0.823654	-1.179796
0.960000	1.708088	1.823653	1.625825	1.702096	-0.200934	-0.125447	0.759914	1.224144	0.200009	0.210987	-0.749864	-1.199052
0.970000	1.674523	1.789883	1.632109	1.699403	-0.199720	-0.136945	0.646401	1.131349	0.172763	0.177025	-0.639205	-1.095962
0.980000	1.640314	1.733948	1.636632	1.671235	-0.198850	-0.192527	0.483462	0.741352	0.149990	0.149867	-0.478830	-0.660058
0.990000	1.605666	1.665187	1.639358	1.620857	-0.198327	-0.282144	0.263319	0.306791	0.134342	0.208032	-0.261053	-0.047196
